##	q	      sigma (A)		epsilon (kJ/mol)
S   0.2322   3.550         1.0460
N  -0.2416   3.250         0.71128
N  -0.1742   3.250         0.71128
N  -0.2416   3.250         0.71128
C  -0.0197   3.550         0.29288          
C  -0.0197   3.550         0.29288       
C   0.0627   3.550         0.29288
C   0.0627   3.550         0.29288
C   0.2904   3.550         0.29288
C   0.2904   3.550         0.29288      
C  -0.1173   3.550         0.29288  
C  -0.1173   3.550         0.29288  
C  -0.0144   3.550         0.29288
C  -0.0144   3.550         0.29288
C  -0.9890   3.550         0.29288
C  -0.9890   3.550         0.29288 
C  -0.0768   3.500         0.27614
C  -0.0768   3.500         0.27614
C  -0.0768   3.500         0.27614     
C  -0.0768   3.500         0.27614    
H  -0.0297   2.420         1.2552
H  -0.0297   2.420         1.2552
H   0.1043   2.420         1.2552
H   0.1043   2.420         1.2552
H   0.1416   2.420         1.2552
H   0.1416   2.420         1.2552   
H   0.1047   2.500         1.2552     
H   0.1047   2.500         1.2552   
H   0.1047   2.500         1.2552   
H   0.1047   2.500         1.2552   
H   0.1047   2.500         1.2552   
H   0.1047   2.500         1.2552   
H   0.1047   2.500         1.2552   
H   0.1047   2.500         1.2552   
H   0.1047   2.500         1.2552   
H   0.1047   2.500         1.2552   
H   0.1047   2.500         1.2552   
H   0.1047   2.500         1.2552   
