##	q	      sigma (A)		epsilon (kJ/mol)

Au   0.000     2.933          22.13336
Au   0.000     2.933          22.13336
Au   0.000     2.933          22.13336
Au   0.000     2.933          22.13336
Au   0.000     2.933          22.13336
Au   0.000     2.933          22.13336
Au   0.000     2.933          22.13336
Au   0.000     2.933          22.13336
Au   0.000     2.933          22.13336
Au   0.000     2.933          22.13336
Au   0.000     2.933          22.13336
Au   0.000     2.933          22.13336
Au   0.000     2.933          22.13336
Au   0.000     2.933          22.13336
Au   0.000     2.933          22.13336
Au   0.000     2.933          22.13336
Au   0.000     2.933          22.13336
Au   0.000     2.933          22.13336
Au   0.000     2.933          22.13336
Au   0.000     2.933          22.13336
Au   0.000     2.933          22.13336
Au   0.000     2.933          22.13336
Au   0.000     2.933          22.13336
Au   0.000     2.933          22.13336
Au   0.000     2.933          22.13336
Au   0.000     2.933          22.13336
Au   0.000     2.933          22.13336
Au   0.000     2.933          22.13336
Au   0.000     2.933          22.13336
Au   0.000     2.933          22.13336
Au   0.000     2.933          22.13336
Au   0.000     2.933          22.13336
Au   0.000     2.933          22.13336
Au   0.000     2.933          22.13336
Au   0.000     2.933          22.13336
Au   0.000     2.933          22.13336
Au   0.000     2.933          22.13336
Au   0.000     2.933          22.13336
Au   0.000     2.933          22.13336
Au   0.000     2.933          22.13336
Au   0.000     2.933          22.13336
Au   0.000     2.933          22.13336
Au   0.000     2.933          22.13336
Au   0.000     2.933          22.13336
Au   0.000     2.933          22.13336
Au   0.000     2.933          22.13336
Au   0.000     2.933          22.13336
Au   0.000     2.933          22.13336
Au   0.000     2.933          22.13336
Au   0.000     2.933          22.13336
Au   0.000     2.933          22.13336
Au   0.000     2.933          22.13336
Au   0.000     2.933          22.13336
Au   0.000     2.933          22.13336
Au   0.000     2.933          22.13336
Au   0.000     2.933          22.13336
Au   0.000     2.933          22.13336
Au   0.000     2.933          22.13336
Au   0.000     2.933          22.13336
Au   0.000     2.933          22.13336
Au   0.000     2.933          22.13336
Au   0.000     2.933          22.13336
Au   0.000     2.933          22.13336
